100,100
tiledBackground
0,0,0
0,32,0
0,64,0
0,96,0
0,128,0
0,160,0
0,192,0
0,224,0
0,256,0
0,288,0
0,320,0
0,352,0
0,384,0
0,416,0
0,448,0
0,480,0
0,512,0
0,544,0
0,576,0
0,608,0
0,640,0
0,672,0
0,704,0
0,736,0
0,768,0
0,800,0
0,832,0
0,864,0
0,896,0
0,928,0
0,960,0
0,992,0
0,1024,0
0,1056,0
0,1088,0
0,1120,0
0,1152,0
0,1184,0
0,1216,0
0,1248,0
0,1280,0
0,1312,0
0,1344,0
0,1376,0
0,1408,0
0,1440,0
0,1472,0
0,1504,0
0,1536,0
0,1568,0
0,1600,0
0,1632,0
0,1664,0
0,1696,0
0,1728,0
0,1760,0
0,1792,0
0,1824,0
0,1856,0
0,1888,0
0,1920,0
0,1952,0
0,1984,0
0,2016,0
0,2048,0
0,2080,0
0,2112,0
0,2144,0
0,2176,0
0,2208,0
0,2240,0
0,2272,0
0,2304,0
0,2336,0
0,2368,0
0,2400,0
0,2432,0
0,2464,0
0,2496,0
0,2528,0
0,2560,0
0,2592,0
0,2624,0
0,2656,0
0,2688,0
0,2720,0
0,2752,0
0,2784,0
0,2816,0
0,2848,0
0,2880,0
0,2912,0
0,2944,0
0,2976,0
0,3008,0
0,3040,0
0,3072,0
0,3104,0
0,3136,0
0,3168,0
0,0,32
-1
-1
-1
-1
-1
-1
-1
-1
-1
-1
-1
-1
-1
-1
1,480,32
-1
-1
-1
-1
-1
-1
-1
-1
-1
-1
-1
-1
-1
-1
-1
-1
-1
-1
-1
-1
-1
-1
-1
-1
-1
-1
-1
-1
-1
-1
-1
-1
-1
-1
-1
-1
-1
-1
-1
-1
-1
-1
-1
-1
-1
-1
-1
1,2016,32
-1
-1
-1
-1
-1
-1
-1
-1
-1
-1
-1
1,2400,32
-1
-1
1,2496,32
-1
-1
-1
1,2624,32
-1
-1
-1
-1
-1
-1
-1
-1
-1
-1
-1
-1
-1
1,3072,32
-1
-1
0,3168,32
0,0,64
-1
1,64,64
-1
-1
-1
-1
-1
-1
-1
-1
-1
-1
-1
1,448,64
-1
-1
-1
-1
-1
-1
-1
-1
-1
-1
-1
-1
-1
-1
-1
-1
-1
-1
-1
-1
-1
-1
-1
-1
-1
-1
-1
-1
1,1376,64
-1
-1
-1
-1
-1
-1
-1
-1
-1
1,1696,64
-1
-1
-1
-1
-1
-1
-1
1,1952,64
-1
-1
-1
-1
-1
-1
-1
-1
1,2240,64
-1
-1
-1
1,2368,64
-1
-1
-1
-1
-1
-1
-1
-1
-1
-1
-1
1,2752,64
-1
-1
-1
-1
-1
-1
-1
-1
-1
-1
-1
-1
0,3168,64
0,0,96
-1
-1
-1
-1
-1
-1
-1
-1
-1
-1
-1
-1
-1
-1
-1
-1
-1
-1
-1
-1
-1
-1
-1
-1
-1
-1
-1
-1
-1
-1
-1
-1
-1
-1
-1
-1
-1
-1
-1
-1
-1
-1
-1
-1
-1
-1
-1
1,1536,96
-1
-1
-1
-1
-1
-1
1,1760,96
1,1792,96
-1
-1
-1
-1
-1
-1
-1
-1
-1
1,2112,96
-1
-1
-1
-1
-1
-1
-1
-1
-1
-1
-1
-1
-1
-1
-1
-1
-1
-1
-1
1,2752,96
-1
-1
1,2848,96
-1
-1
-1
-1
-1
-1
-1
-1
-1
0,3168,96
0,0,128
-1
-1
-1
-1
-1
-1
-1
-1
-1
1,320,128
-1
-1
-1
1,448,128
-1
-1
-1
-1
-1
-1
1,672,128
-1
-1
-1
-1
-1
1,864,128
-1
-1
-1
-1
-1
-1
-1
-1
-1
-1
-1
-1
-1
-1
-1
-1
-1
1,1440,128
-1
-1
-1
-1
-1
-1
-1
-1
-1
-1
-1
-1
-1
-1
-1
-1
1,1984,128
1,2016,128
1,2048,128
-1
-1
-1
-1
-1
-1
-1
-1
-1
-1
-1
-1
-1
-1
-1
-1
-1
-1
-1
-1
-1
-1
-1
-1
-1
-1
-1
-1
-1
-1
-1
-1
1,3104,128
-1
0,3168,128
0,0,160
-1
-1
-1
-1
1,160,160
-1
-1
-1
-1
-1
-1
-1
-1
-1
-1
1,512,160
-1
-1
-1
-1
-1
-1
1,736,160
-1
-1
-1
-1
-1
-1
-1
-1
-1
-1
-1
-1
-1
1,1184,160
-1
-1
-1
-1
-1
-1
-1
-1
-1
-1
-1
-1
-1
-1
-1
-1
-1
-1
-1
-1
-1
-1
-1
-1
-1
-1
-1
-1
-1
-1
-1
-1
1,2240,160
-1
-1
-1
-1
-1
-1
-1
-1
1,2528,160
-1
-1
-1
1,2656,160
-1
-1
-1
-1
-1
-1
-1
-1
-1
-1
1,3008,160
-1
-1
-1
-1
0,3168,160
0,0,192
-1
-1
1,96,192
-1
-1
-1
-1
-1
-1
-1
-1
-1
-1
-1
-1
-1
-1
-1
-1
-1
-1
-1
-1
-1
-1
-1
-1
1,896,192
-1
-1
-1
-1
-1
-1
-1
-1
-1
-1
-1
-1
1,1312,192
-1
-1
-1
1,1440,192
-1
-1
-1
-1
-1
-1
-1
-1
-1
-1
-1
-1
-1
-1
1,1920,192
-1
-1
-1
-1
-1
-1
-1
1,2176,192
-1
-1
-1
-1
-1
-1
-1
-1
1,2464,192
-1
-1
-1
-1
-1
-1
-1
-1
-1
1,2784,192
-1
-1
-1
-1
-1
-1
-1
-1
-1
-1
-1
0,3168,192
0,0,224
-1
-1
-1
-1
1,160,224
-1
-1
-1
-1
-1
-1
-1
-1
-1
-1
-1
-1
1,576,224
-1
-1
-1
-1
-1
-1
-1
1,832,224
-1
-1
-1
-1
1,992,224
-1
-1
-1
-1
-1
-1
-1
-1
-1
-1
-1
-1
-1
-1
-1
-1
-1
-1
-1
-1
-1
-1
-1
-1
-1
-1
-1
-1
-1
-1
-1
-1
-1
-1
1,2112,224
-1
-1
-1
-1
-1
-1
-1
-1
-1
1,2432,224
-1
-1
-1
-1
-1
1,2624,224
-1
-1
-1
-1
-1
-1
-1
-1
-1
-1
-1
-1
-1
1,3072,224
1,3104,224
1,3136,224
0,3168,224
0,0,256
-1
-1
1,96,256
-1
-1
-1
-1
-1
-1
-1
-1
-1
-1
-1
-1
1,512,256
-1
-1
1,608,256
-1
-1
-1
1,736,256
-1
-1
-1
-1
1,896,256
-1
-1
-1
-1
-1
-1
-1
-1
-1
-1
-1
-1
-1
-1
-1
-1
-1
-1
-1
-1
-1
-1
-1
-1
-1
-1
-1
-1
1,1824,256
-1
-1
-1
-1
-1
-1
-1
-1
-1
-1
-1
-1
-1
-1
-1
-1
-1
-1
-1
-1
-1
-1
-1
-1
-1
-1
-1
-1
-1
-1
-1
-1
-1
-1
-1
-1
-1
-1
-1
-1
-1
0,3168,256
0,0,288
-1
-1
-1
-1
-1
-1
-1
-1
-1
-1
1,352,288
-1
-1
-1
-1
-1
-1
-1
-1
-1
-1
-1
1,736,288
-1
1,800,288
-1
-1
-1
1,928,288
-1
-1
-1
-1
-1
-1
-1
-1
-1
-1
-1
-1
1,1344,288
-1
-1
1,1440,288
-1
1,1504,288
-1
1,1568,288
-1
-1
1,1664,288
-1
-1
-1
-1
-1
-1
1,1888,288
-1
-1
-1
-1
-1
-1
1,2112,288
-1
-1
-1
-1
1,2272,288
-1
-1
-1
-1
-1
-1
-1
-1
-1
-1
-1
1,2656,288
-1
-1
-1
-1
-1
-1
-1
-1
-1
-1
1,3008,288
1,3040,288
-1
-1
-1
0,3168,288
0,0,320
-1
-1
-1
-1
-1
-1
-1
-1
-1
-1
-1
-1
-1
-1
-1
-1
-1
-1
-1
1,640,320
-1
-1
-1
-1
1,800,320
-1
-1
-1
-1
-1
-1
-1
-1
-1
-1
-1
-1
-1
1,1248,320
-1
-1
-1
-1
-1
1,1440,320
-1
-1
-1
1,1568,320
-1
-1
-1
-1
-1
-1
-1
-1
-1
-1
-1
-1
1,1984,320
-1
-1
-1
-1
-1
-1
1,2208,320
-1
-1
-1
-1
1,2368,320
-1
-1
-1
-1
-1
-1
-1
1,2624,320
-1
-1
-1
-1
-1
-1
-1
-1
-1
-1
-1
-1
-1
1,3072,320
-1
-1
0,3168,320
0,0,352
-1
-1
-1
-1
1,160,352
-1
1,224,352
-1
-1
-1
-1
-1
-1
-1
-1
-1
-1
-1
-1
-1
-1
-1
-1
-1
-1
1,832,352
-1
-1
-1
-1
-1
-1
-1
-1
-1
-1
-1
-1
-1
-1
-1
-1
-1
-1
1,1440,352
-1
-1
-1
-1
-1
-1
-1
-1
-1
-1
-1
-1
-1
-1
-1
-1
-1
-1
-1
-1
-1
-1
-1
-1
-1
-1
1,2304,352
-1
-1
-1
1,2432,352
-1
1,2496,352
-1
-1
-1
-1
-1
1,2688,352
-1
-1
-1
-1
-1
-1
-1
-1
-1
-1
-1
-1
-1
-1
0,3168,352
0,0,384
-1
-1
-1
-1
-1
-1
1,224,384
-1
-1
-1
-1
-1
-1
-1
1,480,384
-1
-1
-1
-1
-1
-1
-1
-1
-1
-1
-1
-1
-1
-1
-1
-1
-1
-1
-1
-1
-1
-1
-1
-1
-1
-1
-1
1,1376,384
-1
-1
-1
-1
-1
-1
-1
1,1632,384
-1
-1
-1
-1
-1
-1
-1
-1
-1
-1
-1
-1
-1
-1
-1
1,2144,384
1,2176,384
-1
-1
-1
-1
-1
-1
-1
-1
-1
-1
-1
-1
-1
-1
-1
-1
-1
-1
-1
-1
-1
-1
-1
-1
-1
-1
-1
-1
-1
-1
0,3168,384
0,0,416
-1
-1
1,96,416
-1
1,160,416
-1
-1
-1
-1
-1
-1
-1
-1
-1
-1
-1
-1
-1
1,608,416
-1
-1
-1
-1
-1
-1
-1
-1
-1
-1
-1
-1
-1
1,1056,416
-1
-1
-1
1,1184,416
-1
-1
-1
-1
-1
-1
-1
-1
-1
-1
-1
-1
-1
-1
-1
1,1696,416
-1
-1
-1
-1
-1
-1
-1
-1
-1
-1
-1
-1
-1
-1
-1
-1
-1
-1
-1
-1
-1
-1
-1
-1
-1
1,2528,416
-1
-1
-1
-1
1,2688,416
-1
-1
-1
-1
-1
-1
-1
-1
-1
-1
-1
-1
-1
-1
0,3168,416
0,0,448
-1
-1
1,96,448
1,128,448
-1
-1
-1
-1
-1
1,320,448
-1
1,384,448
-1
-1
-1
-1
-1
-1
-1
-1
-1
-1
1,736,448
-1
1,800,448
-1
-1
1,896,448
-1
-1
-1
1,1024,448
-1
-1
-1
-1
-1
-1
-1
-1
-1
-1
1,1376,448
1,1408,448
-1
-1
-1
-1
-1
1,1600,448
1,1632,448
-1
-1
1,1728,448
1,1760,448
-1
-1
-1
-1
-1
-1
-1
-1
-1
-1
-1
-1
-1
-1
-1
-1
-1
-1
-1
-1
1,2432,448
-1
-1
-1
-1
1,2592,448
1,2624,448
-1
-1
-1
-1
-1
-1
-1
-1
-1
-1
-1
-1
1,3040,448
-1
-1
-1
0,3168,448
0,0,480
1,32,480
-1
-1
-1
-1
-1
-1
-1
-1
-1
-1
-1
-1
-1
-1
-1
-1
-1
-1
-1
-1
-1
-1
-1
-1
-1
-1
-1
-1
-1
-1
-1
-1
-1
-1
-1
1,1184,480
-1
-1
-1
-1
1,1344,480
-1
-1
-1
-1
-1
-1
-1
-1
-1
-1
-1
-1
-1
-1
-1
-1
1,1888,480
1,1920,480
-1
-1
-1
-1
-1
-1
1,2144,480
-1
-1
-1
-1
-1
-1
1,2368,480
-1
-1
-1
-1
-1
-1
-1
-1
-1
-1
-1
-1
-1
-1
-1
-1
-1
-1
-1
-1
-1
-1
-1
1,3136,480
0,3168,480
0,0,512
-1
-1
1,96,512
-1
-1
-1
-1
-1
-1
-1
-1
-1
1,416,512
-1
-1
-1
-1
-1
-1
-1
1,672,512
-1
-1
-1
-1
-1
-1
-1
-1
-1
-1
-1
1,1056,512
-1
1,1120,512
1,1152,512
-1
-1
-1
-1
-1
-1
-1
-1
-1
1,1472,512
1,1504,512
-1
-1
-1
-1
-1
-1
-1
-1
-1
1,1824,512
-1
-1
-1
-1
1,1984,512
-1
-1
-1
-1
1,2144,512
-1
-1
-1
-1
-1
-1
-1
-1
-1
-1
-1
-1
-1
-1
-1
-1
-1
-1
-1
-1
1,2816,512
1,2848,512
-1
-1
-1
-1
-1
1,3040,512
-1
-1
-1
0,3168,512
0,0,544
-1
-1
-1
-1
-1
-1
-1
-1
-1
-1
-1
-1
-1
-1
-1
-1
1,544,544
-1
-1
-1
-1
-1
-1
-1
-1
-1
-1
-1
-1
-1
-1
-1
-1
-1
-1
-1
-1
-1
-1
-1
-1
-1
-1
-1
-1
-1
-1
-1
-1
-1
-1
-1
-1
-1
-1
-1
-1
-1
-1
-1
-1
-1
-1
-1
-1
1,2112,544
-1
-1
-1
-1
-1
-1
1,2336,544
-1
-1
-1
-1
-1
1,2528,544
-1
-1
-1
-1
1,2688,544
-1
-1
-1
-1
-1
-1
-1
-1
-1
-1
-1
-1
-1
-1
0,3168,544
0,0,576
-1
-1
-1
-1
-1
-1
-1
-1
-1
-1
-1
-1
-1
-1
-1
-1
1,544,576
-1
-1
1,640,576
1,672,576
-1
-1
-1
-1
-1
-1
-1
-1
-1
-1
-1
-1
-1
-1
-1
-1
1,1216,576
-1
-1
-1
-1
-1
-1
-1
-1
-1
-1
-1
-1
-1
1,1664,576
-1
-1
-1
-1
1,1824,576
-1
-1
-1
-1
-1
-1
1,2048,576
-1
-1
-1
-1
-1
-1
1,2272,576
-1
-1
-1
-1
-1
-1
-1
-1
-1
1,2592,576
-1
-1
-1
-1
-1
-1
-1
-1
-1
-1
-1
1,2976,576
-1
-1
-1
-1
-1
0,3168,576
0,0,608
-1
-1
-1
-1
-1
1,192,608
-1
-1
-1
-1
-1
-1
-1
-1
-1
-1
-1
-1
-1
-1
-1
1,704,608
-1
-1
-1
-1
-1
-1
1,928,608
-1
-1
1,1024,608
-1
-1
-1
-1
-1
-1
-1
-1
-1
-1
-1
-1
-1
-1
-1
-1
1,1568,608
-1
-1
-1
-1
-1
-1
-1
-1
-1
-1
-1
1,1952,608
-1
-1
-1
-1
-1
-1
-1
1,2208,608
-1
-1
-1
-1
1,2368,608
-1
1,2432,608
-1
-1
-1
-1
-1
-1
-1
-1
-1
-1
-1
-1
-1
-1
-1
-1
-1
-1
-1
-1
-1
-1
0,3168,608
0,0,640
-1
1,64,640
-1
-1
-1
-1
-1
-1
-1
-1
-1
-1
-1
-1
1,480,640
-1
-1
1,576,640
-1
-1
-1
-1
-1
-1
-1
-1
-1
-1
-1
1,960,640
-1
-1
-1
-1
-1
-1
-1
-1
-1
-1
-1
-1
-1
-1
-1
1,1472,640
1,1504,640
-1
-1
1,1600,640
-1
-1
-1
-1
-1
-1
-1
-1
-1
-1
-1
-1
-1
-1
-1
-1
-1
-1
-1
-1
-1
-1
-1
-1
-1
-1
-1
-1
-1
-1
-1
-1
-1
-1
-1
-1
-1
-1
-1
-1
-1
-1
-1
-1
1,3040,640
-1
-1
-1
0,3168,640
0,0,672
-1
-1
-1
-1
-1
-1
-1
-1
1,288,672
1,320,672
-1
-1
-1
-1
-1
-1
-1
-1
-1
-1
-1
-1
-1
-1
-1
-1
-1
-1
-1
-1
-1
-1
-1
-1
1,1120,672
-1
-1
-1
-1
-1
-1
-1
1,1376,672
-1
-1
-1
-1
1,1536,672
-1
-1
-1
-1
-1
1,1728,672
-1
-1
-1
-1
-1
-1
-1
-1
-1
-1
-1
-1
1,2144,672
1,2176,672
1,2208,672
-1
-1
-1
-1
-1
-1
-1
-1
-1
-1
-1
-1
-1
-1
-1
-1
-1
1,2784,672
-1
-1
-1
-1
-1
-1
-1
-1
-1
-1
-1
0,3168,672
0,0,704
-1
-1
-1
-1
1,160,704
-1
-1
1,256,704
-1
-1
-1
-1
-1
1,448,704
-1
-1
-1
-1
-1
-1
1,672,704
-1
-1
-1
-1
-1
-1
-1
-1
-1
-1
-1
-1
-1
-1
-1
-1
-1
-1
-1
-1
-1
-1
1,1408,704
-1
-1
1,1504,704
-1
-1
-1
-1
1,1664,704
-1
-1
-1
1,1792,704
-1
1,1856,704
1,1888,704
-1
-1
-1
-1
-1
-1
1,2112,704
-1
-1
-1
-1
-1
-1
-1
-1
1,2400,704
-1
-1
-1
-1
-1
-1
-1
-1
-1
-1
-1
-1
-1
-1
1,2880,704
1,2912,704
-1
-1
-1
1,3040,704
-1
-1
-1
0,3168,704
0,0,736
-1
1,64,736
-1
-1
-1
-1
-1
-1
-1
-1
-1
-1
-1
-1
-1
-1
-1
-1
-1
1,640,736
-1
-1
-1
-1
-1
-1
1,864,736
-1
-1
-1
-1
-1
-1
-1
-1
1,1152,736
-1
-1
-1
1,1280,736
-1
-1
-1
1,1408,736
-1
-1
-1
-1
-1
-1
-1
1,1664,736
-1
-1
-1
-1
-1
-1
-1
-1
-1
1,1984,736
1,2016,736
-1
-1
-1
-1
-1
-1
1,2240,736
1,2272,736
-1
-1
1,2368,736
-1
-1
-1
1,2496,736
-1
-1
-1
-1
-1
-1
-1
-1
-1
-1
-1
-1
-1
-1
-1
-1
-1
-1
1,3104,736
-1
0,3168,736
0,0,768
-1
1,64,768
-1
-1
-1
-1
-1
-1
-1
1,320,768
-1
-1
-1
-1
1,480,768
-1
1,544,768
-1
-1
-1
-1
-1
-1
-1
-1
-1
-1
-1
-1
-1
-1
-1
-1
-1
-1
1,1152,768
1,1184,768
-1
-1
-1
1,1312,768
-1
-1
-1
-1
-1
-1
-1
-1
-1
1,1632,768
-1
-1
-1
-1
-1
-1
-1
-1
-1
-1
1,1984,768
-1
-1
-1
-1
-1
-1
-1
1,2240,768
-1
1,2304,768
1,2336,768
-1
-1
-1
-1
-1
-1
-1
1,2592,768
-1
-1
-1
-1
-1
-1
1,2816,768
-1
-1
-1
-1
-1
-1
-1
-1
-1
-1
0,3168,768
0,0,800
-1
-1
-1
-1
-1
-1
1,224,800
-1
-1
-1
-1
1,384,800
-1
-1
-1
-1
-1
-1
1,608,800
-1
-1
-1
-1
-1
-1
-1
-1
-1
-1
-1
-1
-1
-1
-1
-1
-1
-1
-1
-1
-1
-1
-1
-1
-1
-1
-1
-1
-1
-1
-1
1,1632,800
1,1664,800
-1
-1
-1
-1
-1
-1
-1
-1
-1
-1
-1
1,2048,800
-1
1,2112,800
-1
-1
-1
-1
-1
-1
1,2336,800
-1
-1
-1
1,2464,800
-1
-1
-1
-1
-1
-1
-1
1,2720,800
-1
-1
-1
-1
-1
-1
-1
-1
-1
-1
-1
-1
-1
0,3168,800
0,0,832
-1
-1
1,96,832
-1
-1
1,192,832
-1
-1
-1
-1
-1
-1
-1
-1
-1
-1
-1
1,576,832
-1
-1
-1
-1
-1
-1
-1
-1
1,864,832
-1
-1
-1
-1
-1
-1
-1
-1
-1
-1
-1
-1
-1
-1
-1
-1
-1
-1
-1
-1
-1
-1
-1
-1
-1
-1
-1
-1
-1
-1
-1
-1
-1
-1
-1
-1
-1
-1
-1
-1
-1
1,2208,832
-1
-1
-1
-1
-1
-1
-1
-1
-1
-1
-1
-1
-1
-1
-1
-1
-1
-1
-1
-1
-1
-1
-1
-1
-1
-1
-1
-1
-1
0,3168,832
0,0,864
-1
-1
-1
-1
-1
-1
-1
-1
-1
-1
-1
-1
-1
-1
-1
-1
1,544,864
1,576,864
-1
-1
-1
-1
-1
-1
-1
-1
-1
-1
-1
-1
-1
-1
1,1056,864
-1
-1
-1
-1
-1
-1
-1
-1
-1
-1
-1
-1
-1
-1
-1
-1
-1
-1
-1
-1
-1
-1
1,1792,864
-1
-1
-1
-1
-1
-1
-1
-1
-1
-1
1,2144,864
-1
-1
-1
-1
-1
-1
-1
-1
-1
-1
-1
-1
-1
-1
1,2624,864
-1
1,2688,864
-1
-1
-1
-1
-1
-1
-1
-1
1,2976,864
1,3008,864
-1
-1
-1
-1
0,3168,864
0,0,896
-1
-1
-1
-1
1,160,896
-1
-1
-1
-1
-1
-1
-1
-1
1,448,896
-1
-1
-1
-1
-1
-1
1,672,896
-1
-1
-1
-1
-1
-1
-1
-1
-1
-1
-1
-1
-1
-1
1,1152,896
-1
-1
-1
1,1280,896
-1
-1
-1
1,1408,896
-1
1,1472,896
-1
-1
-1
-1
-1
-1
-1
-1
-1
1,1792,896
1,1824,896
-1
1,1888,896
-1
-1
-1
-1
-1
-1
1,2112,896
1,2144,896
-1
-1
-1
1,2272,896
1,2304,896
-1
-1
-1
-1
-1
-1
-1
1,2560,896
-1
-1
-1
-1
-1
-1
-1
1,2816,896
-1
-1
-1
-1
-1
-1
1,3040,896
-1
-1
-1
0,3168,896
0,0,928
-1
-1
-1
-1
1,160,928
-1
-1
1,256,928
1,288,928
-1
-1
-1
-1
-1
-1
-1
-1
-1
-1
-1
-1
-1
-1
-1
-1
-1
-1
1,896,928
-1
-1
-1
-1
-1
-1
-1
-1
-1
-1
-1
-1
-1
-1
-1
1,1408,928
-1
-1
-1
-1
-1
-1
-1
-1
-1
-1
-1
1,1792,928
-1
-1
-1
1,1920,928
-1
-1
-1
-1
-1
-1
-1
-1
-1
1,2240,928
-1
-1
1,2336,928
-1
-1
-1
1,2464,928
-1
-1
-1
-1
-1
-1
-1
1,2720,928
-1
-1
-1
1,2848,928
-1
-1
-1
-1
-1
-1
-1
-1
-1
0,3168,928
0,0,960
-1
-1
-1
-1
-1
-1
1,224,960
-1
-1
-1
-1
1,384,960
-1
1,448,960
-1
-1
-1
-1
-1
-1
-1
-1
-1
-1
-1
-1
-1
-1
-1
-1
-1
-1
-1
-1
-1
-1
-1
-1
-1
-1
-1
-1
1,1376,960
-1
-1
1,1472,960
-1
-1
-1
-1
-1
-1
-1
-1
-1
-1
1,1824,960
-1
-1
-1
-1
1,1984,960
-1
-1
-1
-1
-1
-1
-1
-1
-1
-1
-1
-1
-1
-1
-1
-1
-1
1,2560,960
-1
-1
-1
1,2688,960
-1
-1
-1
-1
-1
-1
-1
-1
-1
-1
-1
-1
-1
-1
0,3168,960
0,0,992
-1
-1
-1
-1
-1
-1
-1
1,256,992
-1
1,320,992
-1
-1
1,416,992
-1
-1
-1
-1
-1
-1
-1
1,672,992
-1
-1
-1
-1
-1
-1
-1
-1
-1
1,992,992
-1
-1
-1
-1
-1
-1
-1
-1
-1
-1
-1
-1
-1
-1
-1
-1
-1
-1
-1
-1
-1
-1
-1
-1
-1
-1
-1
-1
1,1920,992
-1
-1
-1
1,2048,992
-1
-1
-1
-1
-1
-1
-1
-1
-1
-1
-1
-1
-1
1,2496,992
-1
-1
-1
-1
-1
-1
-1
-1
-1
-1
1,2848,992
-1
-1
-1
-1
-1
1,3040,992
-1
-1
-1
0,3168,992
0,0,1024
1,32,1024
-1
-1
-1
-1
-1
-1
1,256,1024
1,288,1024
-1
-1
-1
1,416,1024
-1
-1
-1
-1
-1
-1
-1
-1
-1
-1
-1
-1
-1
-1
-1
1,928,1024
-1
-1
-1
-1
-1
-1
-1
-1
-1
1,1248,1024
-1
-1
1,1344,1024
-1
-1
-1
-1
1,1504,1024
-1
-1
-1
1,1632,1024
-1
-1
-1
-1
-1
-1
-1
-1
-1
-1
-1
-1
-1
-1
-1
-1
-1
-1
1,2240,1024
-1
-1
-1
-1
-1
-1
-1
-1
-1
-1
-1
-1
-1
-1
1,2720,1024
-1
-1
-1
-1
1,2880,1024
-1
-1
-1
-1
-1
-1
-1
-1
0,3168,1024
0,0,1056
-1
1,64,1056
-1
-1
-1
-1
-1
-1
-1
-1
-1
-1
-1
-1
1,480,1056
-1
1,544,1056
-1
-1
-1
-1
-1
-1
-1
-1
-1
-1
-1
-1
-1
-1
1,1024,1056
-1
-1
-1
-1
-1
-1
-1
-1
-1
1,1344,1056
1,1376,1056
-1
-1
-1
-1
-1
-1
-1
-1
-1
-1
-1
-1
-1
-1
-1
-1
-1
-1
1,1984,1056
-1
-1
-1
-1
1,2144,1056
-1
-1
-1
-1
-1
-1
-1
-1
-1
1,2464,1056
-1
-1
-1
-1
-1
-1
-1
-1
-1
-1
-1
1,2848,1056
-1
-1
-1
-1
-1
-1
-1
-1
-1
0,3168,1056
0,0,1088
-1
-1
1,96,1088
-1
1,160,1088
-1
-1
-1
1,288,1088
-1
-1
-1
1,416,1088
-1
-1
-1
-1
-1
-1
-1
-1
-1
-1
-1
-1
-1
1,864,1088
1,896,1088
-1
-1
-1
-1
-1
-1
-1
-1
-1
-1
-1
-1
-1
-1
-1
-1
-1
-1
-1
-1
1,1568,1088
1,1600,1088
-1
-1
-1
-1
-1
-1
-1
-1
-1
-1
-1
-1
1,2016,1088
-1
1,2080,1088
-1
-1
-1
-1
-1
-1
-1
-1
-1
-1
-1
-1
-1
-1
-1
-1
1,2624,1088
-1
-1
-1
-1
-1
-1
-1
-1
1,2912,1088
1,2944,1088
-1
-1
-1
-1
-1
-1
0,3168,1088
0,0,1120
-1
-1
1,96,1120
-1
-1
-1
-1
-1
-1
1,320,1120
-1
-1
-1
-1
-1
1,512,1120
-1
-1
-1
-1
-1
-1
-1
-1
-1
-1
-1
-1
1,928,1120
-1
-1
-1
-1
-1
-1
-1
1,1184,1120
-1
-1
-1
-1
-1
-1
1,1408,1120
1,1440,1120
-1
-1
-1
-1
-1
-1
-1
-1
-1
-1
-1
-1
-1
-1
-1
1,1952,1120
-1
-1
-1
-1
-1
-1
-1
-1
1,2240,1120
-1
-1
-1
-1
-1
-1
-1
-1
-1
-1
-1
-1
-1
-1
-1
-1
-1
-1
1,2848,1120
1,2880,1120
-1
-1
-1
-1
-1
-1
1,3104,1120
-1
0,3168,1120
0,0,1152
-1
-1
-1
-1
-1
1,192,1152
-1
-1
-1
-1
-1
-1
-1
-1
1,480,1152
-1
-1
-1
-1
-1
-1
-1
-1
-1
-1
-1
-1
-1
1,928,1152
-1
-1
-1
-1
1,1088,1152
-1
-1
-1
-1
-1
-1
-1
-1
-1
-1
-1
-1
1,1504,1152
-1
-1
-1
1,1632,1152
-1
-1
-1
-1
-1
-1
-1
-1
-1
-1
-1
-1
-1
1,2080,1152
-1
-1
-1
-1
-1
1,2272,1152
-1
-1
-1
-1
-1
-1
-1
-1
-1
1,2592,1152
-1
-1
-1
-1
-1
-1
-1
-1
-1
-1
-1
-1
-1
-1
-1
-1
-1
0,3168,1152
0,0,1184
-1
1,64,1184
-1
1,128,1184
-1
-1
-1
-1
-1
-1
-1
1,384,1184
-1
-1
-1
-1
-1
-1
-1
-1
-1
-1
-1
-1
-1
-1
-1
-1
-1
-1
-1
-1
-1
-1
-1
-1
-1
-1
-1
-1
-1
-1
-1
-1
-1
-1
-1
-1
-1
-1
-1
-1
-1
-1
-1
-1
1,1824,1184
-1
-1
1,1920,1184
-1
-1
-1
-1
-1
-1
1,2144,1184
1,2176,1184
-1
-1
-1
-1
-1
1,2368,1184
1,2400,1184
-1
-1
-1
-1
1,2560,1184
1,2592,1184
-1
-1
-1
1,2720,1184
-1
-1
-1
-1
-1
-1
-1
-1
1,3008,1184
-1
1,3072,1184
-1
-1
0,3168,1184
0,0,1216
-1
-1
-1
-1
-1
-1
-1
-1
-1
-1
-1
-1
-1
-1
-1
-1
-1
1,576,1216
-1
-1
-1
-1
-1
-1
1,800,1216
-1
-1
1,896,1216
-1
-1
-1
-1
-1
-1
1,1120,1216
-1
-1
1,1216,1216
-1
-1
-1
-1
-1
-1
-1
1,1472,1216
1,1504,1216
-1
-1
-1
-1
-1
-1
-1
-1
-1
-1
-1
-1
-1
-1
-1
1,2016,1216
-1
-1
-1
-1
-1
-1
-1
1,2272,1216
-1
-1
-1
-1
-1
-1
-1
-1
-1
-1
-1
-1
-1
-1
-1
-1
-1
-1
-1
1,2912,1216
-1
-1
-1
-1
-1
-1
-1
0,3168,1216
0,0,1248
-1
-1
-1
-1
-1
-1
1,224,1248
-1
-1
-1
-1
-1
-1
-1
-1
-1
-1
-1
-1
-1
-1
-1
-1
-1
-1
-1
-1
-1
-1
-1
-1
-1
1,1056,1248
-1
-1
-1
-1
-1
-1
-1
-1
1,1344,1248
-1
-1
1,1440,1248
-1
-1
-1
-1
-1
1,1632,1248
-1
-1
-1
-1
-1
1,1824,1248
-1
-1
-1
-1
-1
1,2016,1248
-1
-1
-1
-1
-1
-1
-1
-1
-1
-1
-1
-1
-1
-1
-1
-1
-1
-1
-1
-1
-1
-1
1,2752,1248
-1
-1
-1
-1
-1
-1
-1
-1
1,3040,1248
-1
-1
-1
0,3168,1248
0,0,1280
-1
-1
-1
-1
-1
-1
-1
-1
-1
-1
-1
-1
-1
-1
-1
-1
-1
1,576,1280
1,608,1280
-1
1,672,1280
-1
-1
-1
-1
-1
-1
-1
-1
-1
-1
1,1024,1280
-1
-1
-1
-1
-1
-1
-1
-1
-1
-1
-1
-1
-1
-1
-1
-1
-1
1,1600,1280
-1
-1
-1
-1
-1
-1
-1
-1
-1
-1
-1
-1
-1
-1
-1
-1
-1
-1
-1
-1
1,2272,1280
-1
-1
-1
-1
-1
-1
-1
-1
-1
1,2592,1280
-1
-1
-1
-1
-1
-1
-1
-1
-1
-1
1,2944,1280
-1
-1
-1
-1
-1
-1
0,3168,1280
0,0,1312
-1
-1
-1
-1
-1
-1
-1
-1
-1
-1
-1
-1
-1
-1
1,480,1312
-1
-1
-1
-1
-1
-1
-1
-1
-1
-1
-1
-1
-1
-1
-1
-1
-1
-1
-1
-1
-1
-1
-1
-1
1,1280,1312
-1
-1
-1
-1
1,1440,1312
-1
-1
-1
-1
-1
-1
-1
-1
-1
-1
-1
-1
-1
-1
-1
-1
1,1984,1312
-1
-1
-1
-1
1,2144,1312
-1
-1
-1
-1
1,2304,1312
-1
1,2368,1312
-1
-1
-1
-1
-1
-1
-1
-1
-1
-1
-1
-1
-1
-1
-1
-1
-1
-1
-1
-1
-1
1,3072,1312
-1
-1
0,3168,1312
0,0,1344
-1
-1
-1
-1
-1
-1
-1
-1
-1
1,320,1344
-1
-1
-1
-1
-1
-1
-1
-1
-1
-1
-1
-1
1,736,1344
-1
1,800,1344
-1
-1
-1
1,928,1344
-1
-1
-1
-1
-1
-1
-1
-1
-1
-1
-1
-1
-1
-1
-1
-1
-1
-1
-1
-1
-1
-1
-1
1,1696,1344
-1
-1
-1
-1
-1
-1
-1
-1
1,1984,1344
1,2016,1344
-1
-1
-1
-1
-1
-1
-1
-1
-1
-1
-1
-1
-1
-1
-1
-1
-1
-1
-1
-1
-1
1,2720,1344
-1
-1
1,2816,1344
-1
1,2880,1344
-1
-1
-1
-1
-1
-1
-1
-1
0,3168,1344
0,0,1376
-1
-1
-1
1,128,1376
-1
-1
-1
-1
-1
-1
-1
-1
-1
-1
1,480,1376
1,512,1376
-1
-1
-1
-1
-1
-1
-1
-1
1,800,1376
-1
-1
-1
-1
-1
-1
-1
-1
-1
-1
1,1152,1376
-1
-1
-1
-1
-1
-1
1,1376,1376
-1
-1
-1
-1
-1
-1
1,1600,1376
-1
-1
-1
-1
-1
-1
1,1824,1376
-1
-1
-1
-1
-1
1,2016,1376
-1
-1
-1
-1
-1
-1
-1
-1
-1
-1
1,2368,1376
1,2400,1376
-1
-1
-1
-1
1,2560,1376
-1
-1
-1
-1
-1
-1
-1
1,2816,1376
-1
-1
-1
-1
-1
-1
-1
-1
1,3104,1376
-1
0,3168,1376
0,0,1408
1,32,1408
-1
-1
-1
-1
-1
1,224,1408
-1
-1
1,320,1408
-1
1,384,1408
-1
-1
-1
-1
-1
-1
-1
-1
-1
1,704,1408
-1
-1
-1
-1
-1
-1
-1
-1
1,992,1408
-1
-1
1,1088,1408
-1
-1
-1
-1
-1
-1
-1
-1
-1
-1
-1
-1
-1
1,1536,1408
-1
-1
-1
-1
-1
-1
-1
-1
-1
-1
-1
-1
-1
-1
-1
-1
-1
-1
-1
1,2176,1408
1,2208,1408
-1
-1
-1
-1
-1
-1
-1
-1
-1
1,2528,1408
-1
1,2592,1408
-1
-1
-1
-1
-1
1,2784,1408
-1
-1
-1
-1
-1
-1
-1
-1
-1
-1
-1
0,3168,1408
0,0,1440
1,32,1440
-1
-1
-1
-1
-1
-1
1,256,1440
-1
-1
-1
-1
-1
-1
-1
-1
1,544,1440
-1
-1
-1
-1
-1
-1
-1
-1
-1
-1
-1
-1
-1
-1
-1
-1
-1
-1
-1
-1
-1
-1
1,1280,1440
-1
-1
-1
1,1408,1440
-1
-1
1,1504,1440
-1
-1
-1
-1
-1
-1
-1
-1
-1
-1
-1
-1
-1
-1
-1
-1
-1
-1
-1
-1
-1
-1
-1
-1
-1
-1
-1
-1
-1
-1
-1
-1
-1
-1
-1
-1
-1
-1
-1
-1
-1
-1
-1
-1
1,2944,1440
-1
-1
-1
-1
-1
-1
0,3168,1440
0,0,1472
-1
1,64,1472
-1
1,128,1472
-1
-1
1,224,1472
-1
-1
-1
1,352,1472
-1
-1
-1
-1
-1
-1
-1
-1
-1
-1
-1
-1
-1
-1
-1
-1
-1
-1
-1
-1
-1
-1
-1
-1
-1
-1
-1
-1
-1
-1
-1
-1
-1
-1
-1
-1
-1
-1
-1
1,1632,1472
-1
-1
-1
-1
-1
-1
-1
-1
-1
-1
1,1984,1472
-1
-1
-1
-1
-1
-1
-1
-1
-1
-1
-1
-1
-1
-1
-1
-1
-1
-1
-1
1,2624,1472
-1
-1
1,2720,1472
-1
-1
-1
-1
-1
-1
-1
-1
-1
-1
-1
-1
-1
0,3168,1472
0,0,1504
-1
-1
-1
1,128,1504
-1
1,192,1504
-1
-1
-1
-1
-1
-1
-1
-1
-1
-1
-1
1,576,1504
-1
-1
-1
-1
-1
-1
-1
-1
-1
-1
-1
-1
-1
-1
-1
-1
-1
-1
-1
-1
-1
-1
-1
1,1344,1504
1,1376,1504
-1
-1
-1
-1
-1
-1
-1
-1
-1
-1
-1
-1
-1
-1
-1
-1
-1
1,1952,1504
-1
-1
-1
-1
1,2112,1504
-1
-1
-1
-1
-1
-1
-1
-1
-1
-1
-1
-1
-1
-1
-1
-1
-1
-1
-1
-1
-1
-1
-1
-1
-1
-1
-1
-1
-1
-1
-1
-1
0,3168,1504
0,0,1536
-1
-1
-1
-1
-1
-1
-1
-1
-1
-1
-1
-1
-1
-1
-1
-1
-1
-1
-1
-1
1,672,1536
-1
-1
-1
1,800,1536
-1
-1
-1
-1
-1
1,992,1536
-1
-1
-1
-1
-1
-1
-1
-1
-1
-1
-1
-1
-1
-1
-1
-1
-1
-1
-1
-1
-1
-1
-1
-1
-1
-1
-1
-1
-1
-1
-1
1,2016,1536
-1
-1
1,2112,1536
-1
-1
-1
-1
-1
-1
-1
-1
-1
-1
-1
-1
1,2528,1536
-1
-1
-1
-1
-1
-1
1,2752,1536
-1
-1
-1
-1
-1
-1
-1
-1
-1
-1
-1
-1
0,3168,1536
0,0,1568
-1
-1
-1
-1
-1
-1
-1
-1
-1
-1
1,352,1568
-1
-1
-1
-1
-1
-1
-1
1,608,1568
-1
-1
1,704,1568
-1
-1
1,800,1568
-1
-1
1,896,1568
-1
1,960,1568
1,992,1568
-1
-1
-1
-1
1,1152,1568
-1
-1
1,1248,1568
-1
-1
-1
-1
-1
-1
-1
-1
-1
-1
-1
-1
-1
-1
1,1728,1568
-1
-1
-1
-1
-1
-1
-1
-1
-1
-1
-1
-1
1,2144,1568
1,2176,1568
-1
-1
-1
-1
-1
1,2368,1568
-1
-1
-1
-1
-1
-1
-1
-1
-1
-1
1,2720,1568
-1
-1
1,2816,1568
1,2848,1568
-1
-1
-1
-1
-1
-1
-1
-1
-1
0,3168,1568
0,0,1600
1,32,1600
-1
-1
1,128,1600
-1
-1
-1
-1
-1
-1
-1
-1
1,416,1600
-1
-1
-1
-1
-1
-1
1,640,1600
-1
-1
-1
-1
-1
-1
-1
-1
-1
-1
1,992,1600
-1
-1
-1
-1
-1
-1
-1
1,1248,1600
-1
1,1312,1600
-1
-1
-1
-1
-1
1,1504,1600
-1
1,1568,1600
1,1600,1600
-1
-1
-1
-1
-1
-1
-1
-1
-1
-1
-1
-1
-1
-1
-1
1,2112,1600
-1
-1
-1
-1
-1
-1
-1
1,2368,1600
-1
1,2432,1600
1,2464,1600
-1
-1
-1
-1
-1
-1
-1
-1
-1
-1
-1
-1
-1
-1
-1
-1
1,3008,1600
-1
-1
1,3104,1600
-1
0,3168,1600
0,0,1632
-1
-1
-1
-1
-1
-1
-1
-1
-1
1,320,1632
-1
1,384,1632
-1
-1
-1
-1
-1
-1
-1
-1
-1
-1
-1
-1
-1
-1
-1
-1
-1
-1
-1
-1
-1
-1
-1
-1
-1
1,1216,1632
-1
-1
-1
-1
-1
-1
-1
-1
-1
-1
-1
-1
-1
-1
-1
-1
-1
-1
-1
-1
-1
-1
1,1952,1632
-1
-1
-1
-1
-1
-1
-1
1,2208,1632
-1
-1
-1
-1
-1
-1
-1
1,2464,1632
-1
-1
-1
-1
-1
-1
-1
-1
-1
-1
-1
-1
-1
-1
-1
-1
-1
-1
-1
-1
-1
0,3168,1632
0,0,1664
-1
-1
-1
-1
-1
-1
-1
-1
1,288,1664
-1
-1
-1
-1
1,448,1664
1,480,1664
-1
-1
-1
1,608,1664
-1
-1
-1
-1
-1
-1
-1
-1
-1
-1
-1
-1
-1
-1
-1
-1
1,1152,1664
-1
1,1216,1664
-1
-1
-1
-1
-1
-1
-1
1,1472,1664
-1
-1
-1
-1
-1
-1
1,1696,1664
-1
-1
-1
1,1824,1664
-1
-1
-1
-1
-1
-1
-1
-1
-1
-1
-1
-1
-1
-1
-1
-1
-1
1,2400,1664
-1
-1
-1
1,2528,1664
-1
-1
-1
-1
-1
-1
-1
-1
-1
-1
-1
-1
-1
1,2976,1664
-1
1,3040,1664
-1
-1
-1
0,3168,1664
0,0,1696
-1
-1
1,96,1696
-1
-1
-1
-1
-1
-1
-1
1,352,1696
-1
-1
-1
-1
-1
-1
-1
-1
1,640,1696
-1
-1
-1
-1
-1
-1
-1
1,896,1696
-1
-1
-1
-1
-1
-1
-1
-1
-1
-1
-1
-1
-1
-1
-1
-1
-1
-1
-1
1,1536,1696
-1
-1
-1
-1
-1
1,1728,1696
-1
-1
-1
-1
-1
-1
-1
-1
-1
-1
1,2080,1696
-1
-1
-1
-1
-1
-1
-1
-1
-1
-1
-1
-1
-1
-1
-1
-1
-1
-1
-1
-1
-1
-1
-1
-1
-1
-1
-1
-1
-1
-1
-1
-1
-1
0,3168,1696
0,0,1728
-1
1,64,1728
-1
-1
-1
1,192,1728
-1
1,256,1728
-1
-1
-1
1,384,1728
-1
-1
-1
-1
-1
-1
-1
-1
-1
-1
-1
-1
-1
-1
-1
1,896,1728
-1
-1
-1
-1
-1
-1
-1
-1
1,1184,1728
-1
-1
-1
-1
-1
1,1376,1728
-1
-1
-1
-1
-1
-1
1,1600,1728
-1
-1
-1
-1
-1
-1
-1
-1
-1
-1
-1
-1
-1
-1
-1
-1
-1
-1
1,2208,1728
-1
-1
-1
1,2336,1728
-1
-1
-1
-1
-1
-1
-1
-1
1,2624,1728
-1
-1
-1
-1
-1
1,2816,1728
-1
-1
-1
-1
-1
-1
-1
-1
-1
1,3136,1728
0,3168,1728
0,0,1760
-1
-1
-1
-1
-1
-1
-1
-1
-1
-1
-1
-1
-1
-1
-1
-1
-1
-1
-1
-1
-1
-1
1,736,1760
-1
-1
-1
-1
-1
-1
1,960,1760
-1
-1
-1
-1
-1
-1
-1
-1
-1
-1
-1
-1
-1
-1
-1
-1
-1
-1
-1
1,1600,1760
-1
-1
-1
-1
-1
-1
-1
-1
-1
-1
1,1952,1760
-1
-1
1,2048,1760
-1
-1
-1
-1
-1
1,2240,1760
-1
-1
-1
-1
-1
-1
-1
1,2496,1760
-1
-1
-1
1,2624,1760
-1
-1
-1
-1
-1
-1
-1
-1
-1
-1
-1
-1
-1
-1
-1
-1
0,3168,1760
0,0,1792
-1
-1
-1
-1
-1
1,192,1792
-1
-1
1,288,1792
-1
-1
-1
-1
-1
-1
-1
-1
-1
-1
-1
1,672,1792
-1
-1
-1
-1
-1
-1
-1
-1
-1
-1
1,1024,1792
-1
-1
-1
-1
-1
-1
-1
-1
-1
-1
-1
-1
-1
-1
-1
-1
-1
1,1600,1792
-1
-1
-1
-1
1,1760,1792
-1
-1
-1
-1
-1
-1
-1
-1
-1
-1
-1
-1
-1
-1
-1
-1
-1
-1
-1
-1
-1
1,2464,1792
-1
-1
-1
-1
-1
-1
-1
-1
-1
1,2784,1792
-1
-1
-1
-1
-1
-1
-1
-1
-1
-1
1,3136,1792
0,3168,1792
0,0,1824
1,32,1824
-1
1,96,1824
-1
-1
-1
-1
1,256,1824
-1
-1
-1
-1
-1
-1
-1
-1
-1
-1
-1
-1
1,672,1824
-1
-1
-1
-1
1,832,1824
-1
-1
-1
-1
-1
-1
-1
-1
-1
-1
-1
-1
-1
-1
-1
-1
-1
-1
-1
-1
1,1504,1824
-1
-1
-1
-1
-1
-1
-1
-1
-1
-1
1,1856,1824
-1
-1
-1
-1
-1
1,2048,1824
1,2080,1824
-1
-1
1,2176,1824
1,2208,1824
-1
-1
-1
-1
1,2368,1824
-1
-1
-1
-1
-1
-1
-1
1,2624,1824
-1
-1
-1
1,2752,1824
-1
-1
-1
-1
1,2912,1824
-1
-1
-1
-1
-1
-1
-1
0,3168,1824
0,0,1856
-1
-1
-1
-1
-1
1,192,1856
-1
-1
-1
-1
-1
-1
-1
-1
-1
-1
1,544,1856
-1
1,608,1856
1,640,1856
-1
-1
-1
-1
-1
-1
-1
-1
-1
-1
-1
-1
-1
-1
-1
-1
-1
-1
1,1248,1856
-1
1,1312,1856
-1
-1
-1
-1
-1
1,1504,1856
-1
-1
-1
-1
-1
-1
-1
-1
1,1792,1856
-1
-1
-1
-1
-1
-1
-1
-1
-1
-1
-1
-1
-1
-1
-1
-1
-1
-1
1,2400,1856
-1
-1
-1
-1
-1
-1
-1
-1
1,2688,1856
-1
-1
-1
-1
-1
-1
-1
-1
-1
-1
-1
-1
-1
-1
0,3168,1856
0,0,1888
1,32,1888
-1
-1
-1
-1
-1
-1
-1
-1
-1
-1
-1
-1
-1
-1
-1
-1
1,576,1888
-1
-1
-1
-1
-1
1,768,1888
-1
-1
1,864,1888
-1
-1
-1
-1
-1
-1
-1
-1
-1
-1
-1
-1
-1
-1
-1
-1
-1
-1
1,1472,1888
-1
-1
-1
-1
-1
-1
-1
-1
-1
-1
-1
-1
-1
-1
1,1952,1888
-1
-1
-1
-1
-1
1,2144,1888
-1
-1
-1
-1
-1
-1
-1
-1
-1
-1
-1
-1
-1
-1
-1
-1
-1
-1
-1
-1
-1
-1
-1
-1
-1
-1
-1
-1
-1
-1
-1
0,3168,1888
0,0,1920
-1
-1
-1
-1
1,160,1920
-1
-1
-1
-1
-1
-1
-1
-1
-1
-1
-1
1,544,1920
-1
-1
-1
-1
-1
-1
-1
-1
-1
-1
-1
-1
-1
-1
1,1024,1920
-1
-1
-1
-1
-1
-1
-1
-1
1,1312,1920
1,1344,1920
-1
-1
-1
-1
-1
-1
-1
-1
-1
-1
-1
-1
-1
-1
-1
-1
-1
-1
1,1952,1920
-1
-1
-1
-1
-1
1,2144,1920
-1
-1
-1
-1
-1
-1
-1
-1
-1
-1
-1
-1
-1
-1
-1
-1
-1
-1
-1
-1
-1
-1
-1
-1
-1
-1
-1
-1
-1
-1
-1
0,3168,1920
0,0,1952
-1
-1
-1
-1
-1
1,192,1952
-1
-1
-1
-1
-1
-1
-1
-1
-1
-1
-1
-1
-1
-1
-1
-1
-1
-1
1,800,1952
-1
-1
-1
-1
-1
-1
-1
-1
-1
-1
-1
-1
-1
-1
-1
-1
-1
-1
1,1408,1952
-1
-1
-1
-1
-1
-1
-1
-1
-1
-1
-1
-1
-1
-1
-1
-1
-1
-1
-1
-1
-1
-1
-1
-1
-1
-1
-1
-1
-1
-1
-1
-1
-1
-1
-1
-1
-1
-1
-1
-1
-1
-1
-1
-1
1,2848,1952
-1
1,2912,1952
-1
-1
-1
-1
-1
-1
-1
0,3168,1952
0,0,1984
-1
-1
-1
-1
-1
-1
-1
-1
1,288,1984
-1
-1
-1
-1
-1
-1
-1
-1
-1
-1
-1
-1
1,704,1984
-1
-1
-1
-1
-1
-1
-1
-1
-1
1,1024,1984
-1
-1
-1
-1
-1
-1
-1
-1
-1
-1
-1
-1
1,1440,1984
-1
-1
-1
-1
-1
-1
-1
-1
-1
-1
-1
-1
-1
-1
-1
-1
-1
-1
-1
1,2080,1984
-1
-1
-1
-1
1,2240,1984
-1
-1
-1
-1
1,2400,1984
-1
-1
-1
-1
-1
-1
1,2624,1984
1,2656,1984
-1
-1
-1
-1
-1
-1
-1
-1
-1
-1
-1
-1
-1
-1
-1
0,3168,1984
0,0,2016
-1
-1
-1
-1
-1
-1
-1
-1
-1
-1
1,352,2016
-1
-1
-1
-1
-1
-1
-1
1,608,2016
-1
1,672,2016
1,704,2016
-1
-1
-1
-1
-1
-1
-1
-1
-1
-1
1,1056,2016
-1
-1
1,1152,2016
-1
-1
-1
-1
-1
-1
-1
-1
-1
-1
-1
-1
-1
-1
-1
-1
-1
-1
-1
-1
1,1824,2016
1,1856,2016
-1
-1
-1
-1
-1
-1
-1
-1
-1
-1
-1
-1
-1
-1
-1
1,2368,2016
-1
-1
-1
-1
-1
-1
-1
1,2624,2016
-1
-1
-1
-1
-1
-1
-1
-1
-1
-1
-1
-1
-1
1,3072,2016
-1
-1
0,3168,2016
0,0,2048
-1
-1
-1
-1
-1
-1
-1
-1
-1
-1
1,352,2048
-1
1,416,2048
-1
-1
-1
-1
-1
-1
-1
-1
-1
-1
-1
-1
-1
-1
-1
-1
-1
-1
-1
-1
-1
-1
-1
-1
-1
-1
-1
-1
-1
-1
-1
-1
-1
-1
-1
1,1568,2048
-1
-1
-1
1,1696,2048
-1
-1
-1
-1
-1
-1
-1
-1
-1
1,2016,2048
-1
1,2080,2048
-1
1,2144,2048
-1
1,2208,2048
-1
-1
1,2304,2048
-1
-1
-1
-1
-1
-1
1,2528,2048
-1
-1
-1
1,2656,2048
-1
-1
-1
-1
-1
-1
-1
-1
-1
-1
-1
-1
-1
-1
-1
0,3168,2048
0,0,2080
1,32,2080
-1
-1
-1
-1
1,192,2080
-1
-1
-1
-1
-1
-1
-1
-1
-1
-1
-1
-1
-1
-1
1,672,2080
-1
-1
-1
-1
-1
1,864,2080
-1
-1
1,960,2080
-1
-1
1,1056,2080
-1
-1
-1
-1
-1
1,1248,2080
-1
-1
-1
-1
-1
-1
-1
-1
-1
-1
1,1600,2080
-1
-1
-1
-1
-1
-1
-1
-1
-1
-1
-1
-1
-1
-1
-1
-1
-1
-1
1,2208,2080
-1
-1
-1
-1
-1
-1
-1
-1
-1
-1
-1
-1
-1
-1
-1
-1
-1
-1
-1
-1
-1
-1
-1
-1
-1
-1
-1
-1
-1
0,3168,2080
0,0,2112
-1
-1
-1
-1
-1
-1
-1
-1
-1
-1
1,352,2112
-1
-1
-1
-1
-1
-1
1,576,2112
-1
1,640,2112
-1
-1
-1
-1
-1
-1
-1
-1
-1
-1
1,992,2112
-1
-1
-1
-1
-1
-1
-1
-1
-1
-1
-1
1,1376,2112
-1
-1
-1
-1
-1
-1
-1
-1
-1
-1
-1
-1
-1
-1
-1
-1
-1
-1
-1
-1
1,2048,2112
-1
-1
-1
-1
-1
-1
-1
-1
-1
-1
-1
-1
-1
-1
-1
-1
-1
-1
-1
-1
-1
-1
-1
-1
-1
-1
-1
-1
1,2976,2112
-1
-1
1,3072,2112
-1
-1
0,3168,2112
0,0,2144
-1
-1
1,96,2144
1,128,2144
-1
-1
-1
-1
-1
-1
1,352,2144
-1
-1
-1
-1
-1
-1
-1
-1
-1
-1
-1
-1
-1
-1
-1
1,864,2144
-1
-1
-1
-1
-1
-1
-1
-1
-1
-1
-1
-1
-1
-1
-1
-1
-1
-1
-1
1,1504,2144
1,1536,2144
-1
-1
-1
-1
1,1696,2144
-1
-1
-1
1,1824,2144
-1
-1
-1
-1
-1
1,2016,2144
-1
-1
-1
-1
-1
1,2208,2144
-1
-1
-1
-1
-1
-1
1,2432,2144
-1
-1
-1
-1
-1
-1
-1
1,2688,2144
-1
-1
-1
-1
-1
-1
-1
1,2944,2144
-1
-1
-1
-1
-1
-1
0,3168,2144
0,0,2176
-1
-1
-1
1,128,2176
-1
-1
-1
-1
-1
-1
-1
1,384,2176
-1
-1
-1
-1
-1
-1
-1
-1
-1
-1
-1
-1
1,800,2176
-1
-1
-1
-1
-1
-1
-1
-1
-1
-1
-1
-1
-1
-1
-1
1,1312,2176
-1
-1
-1
-1
-1
-1
-1
-1
1,1600,2176
-1
-1
-1
-1
-1
-1
-1
-1
1,1888,2176
-1
-1
-1
-1
-1
-1
-1
-1
-1
-1
-1
-1
-1
-1
-1
-1
-1
-1
-1
-1
-1
-1
-1
-1
-1
1,2720,2176
-1
-1
1,2816,2176
-1
-1
-1
-1
-1
-1
-1
-1
1,3104,2176
-1
0,3168,2176
0,0,2208
-1
-1
-1
-1
-1
-1
-1
-1
-1
-1
-1
-1
-1
1,448,2208
1,480,2208
-1
-1
-1
-1
-1
-1
1,704,2208
-1
-1
-1
-1
1,864,2208
-1
-1
-1
-1
-1
-1
-1
-1
-1
-1
-1
-1
1,1280,2208
1,1312,2208
1,1344,2208
-1
-1
-1
-1
-1
-1
-1
-1
1,1632,2208
-1
-1
-1
-1
-1
-1
-1
-1
-1
-1
1,1984,2208
-1
-1
-1
-1
-1
-1
-1
-1
-1
-1
-1
-1
-1
-1
-1
-1
-1
-1
-1
-1
-1
-1
-1
-1
-1
-1
-1
-1
1,2912,2208
-1
-1
-1
-1
-1
-1
-1
0,3168,2208
0,0,2240
-1
-1
-1
-1
1,160,2240
-1
-1
-1
-1
-1
-1
-1
-1
1,448,2240
-1
-1
-1
1,576,2240
-1
-1
-1
-1
-1
-1
-1
1,832,2240
-1
-1
-1
-1
-1
-1
-1
-1
-1
-1
1,1184,2240
-1
-1
-1
-1
-1
-1
-1
-1
-1
-1
-1
-1
-1
-1
-1
-1
1,1728,2240
-1
1,1792,2240
-1
-1
-1
-1
-1
-1
-1
-1
-1
-1
1,2144,2240
-1
-1
-1
-1
-1
-1
-1
-1
-1
-1
-1
-1
-1
1,2592,2240
-1
-1
-1
1,2720,2240
-1
-1
-1
-1
1,2880,2240
-1
-1
-1
-1
-1
-1
-1
-1
0,3168,2240
0,0,2272
-1
-1
-1
-1
-1
-1
-1
-1
-1
-1
-1
-1
-1
-1
-1
-1
-1
-1
-1
-1
-1
-1
-1
-1
-1
1,832,2272
-1
-1
-1
-1
-1
-1
-1
-1
-1
-1
-1
-1
1,1248,2272
-1
-1
1,1344,2272
-1
-1
-1
-1
-1
-1
-1
-1
-1
-1
-1
-1
-1
-1
-1
-1
-1
-1
-1
-1
-1
-1
-1
-1
-1
-1
-1
-1
-1
-1
1,2336,2272
-1
-1
-1
1,2464,2272
-1
-1
-1
-1
-1
-1
-1
-1
-1
-1
-1
-1
-1
-1
-1
-1
-1
-1
-1
-1
1,3136,2272
0,3168,2272
0,0,2304
-1
-1
-1
-1
-1
-1
-1
-1
-1
-1
-1
-1
-1
-1
-1
-1
-1
-1
-1
-1
-1
-1
-1
-1
-1
-1
-1
1,896,2304
-1
1,960,2304
-1
-1
-1
-1
-1
-1
-1
1,1216,2304
-1
-1
-1
-1
-1
-1
-1
-1
-1
-1
1,1568,2304
-1
-1
-1
-1
-1
-1
-1
-1
-1
-1
-1
-1
-1
-1
-1
-1
-1
1,2144,2304
-1
-1
-1
-1
-1
1,2336,2304
-1
-1
-1
-1
-1
-1
-1
-1
-1
-1
-1
1,2720,2304
-1
-1
-1
1,2848,2304
-1
-1
1,2944,2304
-1
-1
-1
-1
-1
-1
0,3168,2304
0,0,2336
-1
-1
-1
-1
-1
-1
-1
-1
-1
1,320,2336
1,352,2336
-1
-1
-1
-1
1,512,2336
-1
1,576,2336
-1
-1
-1
-1
-1
-1
-1
1,832,2336
-1
-1
-1
-1
-1
-1
-1
-1
1,1120,2336
-1
-1
-1
-1
-1
-1
-1
-1
-1
-1
-1
-1
-1
-1
1,1600,2336
-1
-1
-1
-1
-1
-1
-1
-1
-1
-1
-1
-1
-1
-1
-1
-1
-1
-1
-1
1,2240,2336
-1
-1
-1
-1
-1
-1
-1
-1
1,2528,2336
-1
1,2592,2336
-1
-1
-1
-1
-1
-1
-1
-1
-1
-1
-1
1,2976,2336
-1
-1
-1
-1
-1
0,3168,2336
0,0,2368
-1
-1
-1
-1
-1
-1
-1
-1
-1
-1
-1
-1
-1
-1
-1
-1
-1
-1
-1
1,640,2368
-1
-1
-1
-1
-1
-1
-1
-1
-1
-1
-1
-1
-1
-1
-1
1,1152,2368
-1
-1
-1
-1
-1
-1
-1
-1
-1
-1
-1
-1
-1
-1
-1
-1
-1
1,1728,2368
-1
-1
-1
-1
-1
-1
1,1952,2368
-1
-1
-1
-1
-1
-1
-1
-1
-1
1,2272,2368
-1
1,2336,2368
-1
-1
-1
-1
-1
-1
-1
1,2592,2368
-1
-1
-1
-1
-1
-1
1,2816,2368
-1
-1
-1
-1
-1
-1
-1
-1
-1
-1
0,3168,2368
0,0,2400
-1
-1
-1
-1
-1
-1
-1
-1
-1
1,320,2400
-1
-1
1,416,2400
-1
1,480,2400
-1
-1
-1
-1
-1
-1
-1
-1
-1
-1
1,832,2400
-1
-1
-1
-1
-1
-1
-1
-1
-1
-1
-1
-1
-1
-1
-1
-1
1,1376,2400
-1
-1
-1
-1
-1
-1
-1
-1
-1
-1
-1
-1
-1
-1
-1
-1
-1
-1
1,1984,2400
-1
-1
-1
-1
1,2144,2400
-1
-1
-1
-1
-1
-1
-1
-1
-1
-1
-1
-1
-1
-1
1,2624,2400
-1
-1
1,2720,2400
-1
-1
-1
-1
-1
-1
-1
-1
-1
-1
-1
-1
-1
0,3168,2400
0,0,2432
1,32,2432
1,64,2432
-1
-1
-1
1,192,2432
-1
-1
-1
-1
-1
-1
1,416,2432
-1
-1
1,512,2432
-1
-1
1,608,2432
1,640,2432
-1
-1
-1
-1
-1
-1
-1
-1
-1
-1
-1
1,1024,2432
-1
-1
-1
1,1152,2432
-1
-1
-1
-1
-1
-1
-1
1,1408,2432
-1
-1
1,1504,2432
-1
-1
-1
-1
-1
-1
-1
-1
-1
-1
-1
-1
-1
1,1952,2432
1,1984,2432
-1
-1
-1
-1
-1
-1
-1
-1
-1
-1
-1
1,2368,2432
-1
-1
1,2464,2432
-1
-1
-1
-1
-1
-1
-1
-1
-1
-1
-1
-1
-1
-1
-1
-1
-1
-1
-1
-1
-1
0,3168,2432
0,0,2464
-1
-1
1,96,2464
-1
-1
1,192,2464
-1
-1
-1
-1
-1
-1
-1
-1
-1
-1
-1
-1
-1
-1
-1
1,704,2464
-1
-1
-1
1,832,2464
-1
-1
-1
1,960,2464
-1
-1
-1
-1
-1
-1
-1
-1
-1
-1
-1
-1
1,1376,2464
-1
1,1440,2464
-1
-1
-1
-1
-1
-1
-1
-1
-1
-1
-1
1,1824,2464
-1
-1
-1
-1
-1
-1
-1
-1
-1
-1
-1
-1
-1
-1
-1
1,2336,2464
-1
-1
-1
-1
-1
-1
-1
-1
-1
1,2656,2464
-1
1,2720,2464
1,2752,2464
1,2784,2464
-1
-1
-1
-1
-1
-1
-1
-1
-1
-1
-1
0,3168,2464
0,0,2496
-1
-1
-1
-1
-1
-1
-1
-1
-1
-1
-1
-1
-1
-1
1,480,2496
-1
-1
-1
1,608,2496
-1
-1
-1
1,736,2496
-1
-1
-1
-1
-1
-1
-1
-1
-1
-1
-1
-1
-1
-1
-1
1,1248,2496
-1
-1
-1
-1
-1
-1
-1
-1
-1
-1
-1
1,1632,2496
-1
-1
1,1728,2496
-1
-1
1,1824,2496
1,1856,2496
-1
-1
-1
-1
-1
-1
1,2080,2496
-1
-1
-1
-1
-1
-1
-1
-1
-1
-1
-1
-1
-1
-1
-1
-1
-1
1,2656,2496
1,2688,2496
-1
-1
-1
-1
-1
1,2880,2496
-1
-1
-1
-1
-1
-1
-1
1,3136,2496
0,3168,2496
0,0,2528
-1
-1
-1
1,128,2528
-1
-1
-1
-1
-1
-1
1,352,2528
-1
-1
-1
-1
-1
1,544,2528
-1
-1
-1
-1
-1
-1
-1
-1
-1
-1
-1
1,928,2528
-1
-1
-1
-1
-1
-1
-1
-1
-1
-1
-1
-1
-1
-1
-1
-1
-1
-1
-1
-1
-1
-1
-1
-1
-1
-1
-1
1,1824,2528
-1
-1
-1
-1
-1
-1
-1
-1
-1
-1
-1
-1
-1
-1
-1
-1
-1
-1
-1
1,2464,2528
-1
-1
-1
-1
-1
-1
-1
-1
-1
-1
-1
-1
-1
-1
-1
-1
1,3008,2528
-1
1,3072,2528
-1
-1
0,3168,2528
0,0,2560
-1
1,64,2560
-1
-1
-1
-1
-1
-1
-1
-1
-1
-1
-1
1,448,2560
-1
-1
-1
-1
-1
-1
-1
-1
-1
1,768,2560
-1
-1
-1
-1
-1
-1
-1
-1
-1
-1
-1
-1
-1
-1
-1
-1
-1
-1
-1
-1
-1
-1
-1
-1
-1
1,1600,2560
1,1632,2560
-1
1,1696,2560
-1
-1
-1
-1
-1
1,1888,2560
1,1920,2560
-1
-1
-1
-1
1,2080,2560
-1
1,2144,2560
-1
-1
-1
-1
-1
-1
-1
-1
-1
-1
1,2496,2560
-1
1,2560,2560
-1
-1
-1
-1
-1
-1
-1
-1
-1
-1
-1
-1
-1
-1
-1
-1
-1
-1
0,3168,2560
0,0,2592
-1
-1
1,96,2592
-1
-1
-1
-1
-1
1,288,2592
-1
-1
-1
-1
-1
-1
-1
1,544,2592
-1
-1
-1
-1
-1
-1
-1
-1
-1
-1
-1
-1
-1
-1
-1
-1
-1
-1
-1
-1
1,1216,2592
-1
-1
1,1312,2592
1,1344,2592
-1
-1
1,1440,2592
-1
-1
-1
-1
-1
-1
-1
-1
-1
-1
-1
-1
-1
-1
-1
-1
-1
-1
-1
-1
-1
-1
-1
-1
-1
-1
-1
-1
1,2368,2592
-1
1,2432,2592
-1
-1
-1
-1
-1
-1
-1
-1
-1
-1
1,2784,2592
-1
-1
-1
-1
-1
-1
-1
-1
-1
-1
-1
0,3168,2592
0,0,2624
-1
-1
-1
-1
-1
-1
-1
-1
-1
-1
-1
1,384,2624
-1
-1
-1
-1
1,544,2624
-1
-1
-1
-1
-1
-1
-1
-1
-1
1,864,2624
-1
-1
-1
-1
1,1024,2624
-1
-1
1,1120,2624
-1
-1
-1
-1
-1
-1
-1
-1
-1
-1
-1
-1
1,1536,2624
-1
-1
1,1632,2624
1,1664,2624
-1
-1
-1
-1
-1
-1
-1
-1
-1
-1
-1
-1
-1
-1
-1
-1
-1
-1
-1
-1
-1
-1
-1
-1
-1
-1
-1
1,2560,2624
-1
-1
-1
-1
-1
-1
-1
1,2816,2624
-1
-1
-1
-1
-1
-1
1,3040,2624
-1
-1
-1
0,3168,2624
0,0,2656
-1
-1
-1
-1
-1
-1
-1
-1
-1
-1
-1
-1
-1
1,448,2656
-1
-1
-1
-1
-1
-1
-1
-1
-1
-1
-1
-1
-1
-1
-1
-1
-1
1,1024,2656
-1
-1
-1
-1
-1
-1
-1
-1
-1
-1
-1
-1
-1
-1
-1
-1
-1
-1
-1
-1
-1
-1
-1
-1
-1
-1
-1
-1
-1
-1
-1
-1
-1
-1
-1
-1
-1
-1
-1
-1
-1
1,2368,2656
-1
-1
-1
-1
-1
1,2560,2656
-1
-1
-1
-1
-1
-1
-1
-1
-1
-1
-1
-1
-1
1,3008,2656
-1
-1
-1
-1
0,3168,2656
0,0,2688
-1
1,64,2688
-1
-1
-1
-1
-1
-1
-1
-1
-1
-1
-1
-1
-1
-1
-1
-1
-1
1,640,2688
-1
-1
-1
-1
-1
-1
-1
-1
-1
-1
-1
-1
-1
-1
-1
1,1152,2688
-1
1,1216,2688
-1
-1
-1
-1
-1
-1
-1
-1
-1
-1
-1
-1
-1
-1
-1
-1
1,1760,2688
-1
-1
-1
1,1888,2688
-1
-1
-1
-1
-1
-1
-1
-1
-1
1,2208,2688
-1
-1
-1
-1
-1
-1
-1
-1
-1
-1
-1
-1
1,2624,2688
-1
-1
-1
-1
-1
1,2816,2688
-1
1,2880,2688
-1
-1
-1
-1
-1
-1
-1
-1
0,3168,2688
0,0,2720
-1
-1
-1
-1
-1
-1
-1
-1
-1
-1
-1
-1
-1
-1
1,480,2720
-1
-1
-1
-1
-1
-1
-1
-1
1,768,2720
-1
-1
-1
-1
-1
-1
-1
-1
-1
-1
-1
-1
-1
-1
-1
-1
-1
-1
-1
-1
-1
1,1472,2720
-1
-1
-1
-1
-1
-1
-1
-1
-1
-1
-1
-1
-1
1,1920,2720
-1
-1
-1
-1
-1
-1
-1
-1
-1
-1
-1
-1
-1
-1
-1
-1
-1
1,2496,2720
-1
-1
-1
1,2624,2720
-1
1,2688,2720
-1
-1
-1
-1
-1
-1
-1
-1
-1
-1
-1
-1
-1
-1
0,3168,2720
0,0,2752
-1
-1
-1
-1
-1
-1
-1
-1
-1
-1
-1
-1
-1
1,448,2752
-1
-1
1,544,2752
-1
-1
-1
-1
-1
-1
-1
-1
-1
-1
-1
-1
-1
-1
-1
-1
-1
-1
-1
-1
-1
-1
-1
-1
-1
-1
-1
1,1440,2752
-1
-1
-1
-1
-1
-1
-1
-1
-1
-1
-1
-1
-1
-1
-1
-1
1,1984,2752
-1
-1
-1
-1
-1
-1
-1
-1
-1
-1
-1
-1
-1
-1
-1
-1
-1
-1
-1
-1
-1
-1
-1
-1
1,2784,2752
1,2816,2752
-1
-1
-1
-1
-1
-1
-1
-1
-1
1,3136,2752
0,3168,2752
0,0,2784
-1
-1
-1
-1
1,160,2784
-1
-1
1,256,2784
-1
1,320,2784
-1
1,384,2784
-1
-1
-1
-1
-1
1,576,2784
-1
-1
-1
-1
1,736,2784
-1
-1
-1
-1
-1
-1
-1
-1
-1
-1
-1
-1
1,1152,2784
-1
-1
-1
-1
-1
-1
1,1376,2784
1,1408,2784
-1
-1
-1
-1
-1
-1
-1
-1
-1
-1
-1
-1
-1
-1
-1
-1
-1
-1
-1
-1
-1
-1
1,2144,2784
-1
-1
1,2240,2784
-1
-1
-1
-1
-1
-1
-1
-1
-1
-1
-1
-1
-1
-1
-1
-1
-1
-1
-1
-1
1,2912,2784
-1
1,2976,2784
-1
-1
-1
-1
-1
0,3168,2784
0,0,2816
-1
-1
-1
-1
-1
-1
-1
-1
-1
-1
1,352,2816
-1
-1
-1
-1
1,512,2816
-1
1,576,2816
-1
-1
1,672,2816
-1
-1
-1
-1
-1
-1
-1
-1
-1
-1
-1
-1
-1
-1
-1
-1
-1
-1
1,1280,2816
-1
-1
-1
-1
-1
-1
-1
1,1536,2816
-1
-1
-1
-1
-1
-1
-1
-1
1,1824,2816
-1
-1
-1
-1
-1
-1
1,2048,2816
-1
-1
-1
-1
-1
-1
-1
-1
-1
-1
-1
-1
-1
-1
-1
-1
-1
-1
1,2656,2816
-1
-1
-1
-1
-1
-1
-1
-1
-1
-1
-1
-1
-1
-1
-1
0,3168,2816
0,0,2848
-1
-1
-1
-1
-1
-1
-1
1,256,2848
-1
1,320,2848
-1
-1
-1
-1
-1
-1
-1
-1
-1
1,640,2848
-1
-1
-1
-1
-1
-1
-1
-1
-1
-1
-1
-1
-1
-1
-1
-1
-1
1,1216,2848
-1
-1
1,1312,2848
-1
-1
-1
-1
-1
-1
-1
-1
-1
-1
-1
-1
-1
-1
-1
-1
-1
1,1888,2848
-1
-1
-1
-1
-1
-1
1,2112,2848
-1
-1
-1
1,2240,2848
-1
-1
-1
-1
-1
-1
-1
-1
-1
-1
-1
-1
-1
-1
-1
-1
-1
-1
-1
-1
1,2912,2848
-1
-1
-1
-1
-1
-1
-1
0,3168,2848
0,0,2880
1,32,2880
-1
-1
1,128,2880
-1
-1
-1
-1
-1
-1
1,352,2880
-1
-1
-1
1,480,2880
-1
-1
-1
-1
-1
-1
1,704,2880
-1
-1
-1
-1
-1
-1
-1
-1
-1
-1
-1
-1
-1
-1
-1
-1
-1
-1
-1
-1
-1
-1
-1
-1
-1
-1
1,1568,2880
-1
-1
-1
-1
-1
-1
-1
-1
-1
1,1888,2880
-1
-1
-1
-1
-1
-1
-1
-1
-1
-1
-1
-1
-1
-1
-1
1,2400,2880
-1
-1
-1
-1
-1
-1
-1
-1
-1
-1
-1
-1
1,2816,2880
1,2848,2880
-1
-1
-1
-1
-1
-1
-1
-1
-1
0,3168,2880
0,0,2912
-1
1,64,2912
-1
-1
-1
-1
-1
1,256,2912
-1
-1
-1
-1
-1
-1
-1
-1
-1
-1
-1
-1
-1
1,704,2912
-1
-1
-1
-1
-1
-1
-1
1,960,2912
-1
-1
-1
-1
-1
-1
-1
-1
-1
-1
-1
1,1344,2912
-1
-1
-1
-1
-1
-1
-1
1,1600,2912
-1
-1
-1
-1
-1
-1
-1
-1
-1
-1
-1
-1
-1
1,2048,2912
-1
-1
-1
-1
-1
-1
1,2272,2912
-1
-1
-1
-1
-1
-1
-1
-1
-1
-1
-1
1,2656,2912
-1
-1
-1
-1
-1
-1
1,2880,2912
1,2912,2912
-1
1,2976,2912
-1
-1
-1
-1
-1
0,3168,2912
0,0,2944
-1
-1
-1
-1
-1
1,192,2944
-1
-1
-1
-1
-1
-1
1,416,2944
-1
-1
-1
-1
-1
-1
-1
-1
-1
-1
-1
-1
-1
-1
-1
-1
1,960,2944
-1
-1
-1
-1
-1
-1
-1
-1
-1
-1
-1
-1
-1
-1
-1
-1
-1
-1
-1
-1
-1
-1
-1
-1
-1
-1
-1
-1
-1
-1
-1
-1
-1
-1
-1
-1
-1
-1
-1
-1
-1
-1
-1
-1
-1
-1
-1
-1
-1
-1
-1
-1
-1
-1
-1
1,2752,2944
-1
1,2816,2944
-1
-1
-1
-1
-1
-1
-1
-1
-1
-1
0,3168,2944
0,0,2976
-1
-1
-1
-1
-1
-1
-1
-1
-1
1,320,2976
-1
-1
-1
-1
-1
-1
-1
-1
-1
-1
-1
-1
-1
-1
-1
-1
-1
-1
-1
-1
-1
-1
-1
-1
-1
-1
-1
1,1216,2976
-1
-1
-1
-1
-1
-1
-1
-1
-1
-1
-1
-1
-1
-1
-1
-1
-1
-1
-1
-1
-1
-1
-1
-1
-1
-1
-1
-1
1,2144,2976
-1
-1
1,2240,2976
-1
-1
-1
-1
-1
-1
-1
-1
-1
-1
-1
-1
-1
-1
-1
-1
-1
-1
-1
-1
-1
-1
-1
-1
-1
1,3072,2976
-1
-1
0,3168,2976
0,0,3008
-1
-1
-1
-1
-1
-1
-1
-1
-1
-1
-1
-1
-1
-1
-1
-1
-1
1,576,3008
-1
-1
-1
-1
-1
-1
-1
-1
-1
-1
-1
-1
1,992,3008
-1
-1
-1
-1
-1
-1
-1
-1
-1
-1
-1
-1
-1
-1
-1
-1
-1
-1
-1
1,1632,3008
-1
-1
-1
-1
-1
-1
-1
1,1888,3008
-1
-1
-1
-1
-1
-1
-1
1,2144,3008
-1
-1
-1
-1
1,2304,3008
-1
-1
-1
-1
-1
-1
-1
-1
-1
-1
-1
-1
-1
-1
1,2784,3008
-1
-1
-1
-1
1,2944,3008
-1
-1
-1
-1
-1
1,3136,3008
0,3168,3008
0,0,3040
-1
-1
-1
-1
-1
1,192,3040
-1
1,256,3040
-1
-1
-1
-1
-1
-1
-1
-1
-1
-1
-1
-1
-1
-1
-1
-1
-1
-1
-1
-1
-1
1,960,3040
-1
-1
-1
-1
-1
-1
-1
1,1216,3040
-1
-1
-1
-1
-1
1,1408,3040
1,1440,3040
-1
-1
-1
-1
-1
-1
-1
-1
-1
-1
-1
-1
-1
-1
-1
-1
-1
-1
-1
-1
-1
1,2144,3040
-1
-1
1,2240,3040
-1
-1
-1
-1
-1
-1
-1
-1
-1
1,2560,3040
-1
-1
-1
-1
1,2720,3040
-1
-1
-1
-1
-1
-1
-1
-1
-1
-1
-1
-1
-1
0,3168,3040
0,0,3072
-1
-1
-1
-1
-1
-1
-1
-1
-1
-1
-1
-1
-1
-1
-1
-1
-1
-1
-1
-1
1,672,3072
-1
-1
-1
-1
-1
-1
-1
-1
-1
1,992,3072
-1
-1
-1
-1
-1
-1
-1
1,1248,3072
-1
-1
1,1344,3072
-1
-1
1,1440,3072
-1
1,1504,3072
1,1536,3072
1,1568,3072
-1
-1
-1
-1
-1
1,1760,3072
-1
-1
1,1856,3072
-1
-1
-1
-1
-1
-1
-1
1,2112,3072
-1
-1
-1
-1
-1
-1
-1
-1
-1
-1
-1
-1
-1
-1
-1
-1
-1
-1
-1
1,2752,3072
-1
-1
-1
-1
-1
-1
-1
-1
-1
-1
-1
-1
0,3168,3072
0,0,3104
-1
-1
-1
-1
-1
-1
-1
-1
-1
-1
-1
-1
-1
-1
-1
-1
-1
-1
-1
-1
-1
-1
-1
-1
-1
-1
-1
-1
1,928,3104
-1
-1
-1
-1
-1
-1
-1
-1
-1
-1
-1
-1
1,1344,3104
1,1376,3104
-1
-1
-1
-1
1,1536,3104
-1
-1
-1
-1
-1
1,1728,3104
-1
-1
-1
-1
-1
-1
-1
-1
-1
-1
-1
-1
-1
-1
-1
-1
-1
1,2304,3104
-1
1,2368,3104
-1
-1
-1
-1
-1
-1
-1
1,2624,3104
-1
-1
1,2720,3104
-1
-1
-1
-1
1,2880,3104
-1
-1
-1
-1
-1
-1
-1
-1
0,3168,3104
0,0,3136
-1
-1
-1
-1
-1
-1
-1
-1
-1
-1
-1
-1
-1
-1
-1
-1
-1
-1
-1
1,640,3136
-1
-1
-1
-1
-1
-1
-1
-1
-1
-1
-1
-1
-1
-1
1,1120,3136
-1
-1
-1
1,1248,3136
-1
-1
-1
-1
-1
-1
-1
1,1504,3136
-1
-1
-1
-1
-1
-1
1,1728,3136
1,1760,3136
-1
1,1824,3136
-1
-1
-1
-1
-1
-1
-1
-1
-1
-1
-1
-1
-1
-1
1,2304,3136
-1
-1
-1
-1
-1
-1
1,2528,3136
-1
-1
1,2624,3136
-1
-1
-1
-1
-1
-1
-1
-1
-1
-1
-1
-1
-1
-1
1,3104,3136
-1
0,3168,3136
0,0,3168
0,32,3168
0,64,3168
0,96,3168
0,128,3168
0,160,3168
0,192,3168
0,224,3168
0,256,3168
0,288,3168
0,320,3168
0,352,3168
0,384,3168
0,416,3168
0,448,3168
0,480,3168
0,512,3168
0,544,3168
0,576,3168
0,608,3168
0,640,3168
0,672,3168
0,704,3168
0,736,3168
0,768,3168
0,800,3168
0,832,3168
0,864,3168
0,896,3168
0,928,3168
0,960,3168
0,992,3168
0,1024,3168
0,1056,3168
0,1088,3168
0,1120,3168
0,1152,3168
0,1184,3168
0,1216,3168
0,1248,3168
0,1280,3168
0,1312,3168
0,1344,3168
0,1376,3168
0,1408,3168
0,1440,3168
0,1472,3168
0,1504,3168
0,1536,3168
0,1568,3168
0,1600,3168
0,1632,3168
0,1664,3168
0,1696,3168
0,1728,3168
0,1760,3168
0,1792,3168
0,1824,3168
0,1856,3168
0,1888,3168
0,1920,3168
0,1952,3168
0,1984,3168
0,2016,3168
0,2048,3168
0,2080,3168
0,2112,3168
0,2144,3168
0,2176,3168
0,2208,3168
0,2240,3168
0,2272,3168
0,2304,3168
0,2336,3168
0,2368,3168
0,2400,3168
0,2432,3168
0,2464,3168
0,2496,3168
0,2528,3168
0,2560,3168
0,2592,3168
0,2624,3168
0,2656,3168
0,2688,3168
0,2720,3168
0,2752,3168
0,2784,3168
0,2816,3168
0,2848,3168
0,2880,3168
0,2912,3168
0,2944,3168
0,2976,3168
0,3008,3168
0,3040,3168
0,3072,3168
0,3104,3168
0,3136,3168
0,3168,3168
