21,16
tiledBackground
0,0,0
0,32,0
0,64,0
0,96,0
0,128,0
0,160,0
0,192,0
0,224,0
0,256,0
0,288,0
0,320,0
0,352,0
0,384,0
0,416,0
0,448,0
0,480,0
0,512,0
0,544,0
0,576,0
0,608,0
0,640,0
0,0,32
-1
-1
1,96,32
-1
-1
-1
-1
-1
-1
-1
-1
1,384,32
-1
-1
-1
1,512,32
-1
-1
-1
0,640,32
0,0,64
-1
-1
1,96,64
-1
-1
-1
-1
-1
-1
-1
1,352,64
-1
-1
1,448,64
-1
-1
-1
1,576,64
-1
0,640,64
0,0,96
-1
-1
1,96,96
-1
-1
-1
-1
-1
-1
-1
-1
-1
-1
-1
-1
-1
-1
-1
-1
0,640,96
0,0,128
-1
-1
-1
-1
-1
-1
1,224,128
-1
-1
-1
-1
-1
-1
-1
-1
-1
-1
-1
-1
0,640,128
0,0,160
-1
-1
-1
1,128,160
-1
-1
-1
-1
-1
-1
-1
-1
-1
-1
-1
-1
-1
-1
-1
0,640,160
0,0,192
-1
-1
-1
-1
-1
-1
1,224,192
-1
-1
-1
-1
-1
-1
-1
-1
1,512,192
1,544,192
-1
-1
0,640,192
0,0,224
1,32,224
1,64,224
-1
-1
-1
-1
-1
-1
-1
-1
-1
-1
-1
-1
1,480,224
1,512,224
-1
-1
-1
0,640,224
0,0,256
-1
-1
-1
-1
-1
-1
-1
-1
1,288,256
1,320,256
-1
-1
-1
1,448,256
-1
-1
-1
-1
-1
0,640,256
0,0,288
1,32,288
-1
-1
-1
-1
-1
-1
-1
-1
-1
-1
-1
-1
1,448,288
-1
1,512,288
-1
-1
-1
0,640,288
0,0,320
-1
-1
-1
-1
-1
-1
-1
-1
-1
-1
-1
-1
-1
-1
-1
-1
-1
-1
-1
0,640,320
0,0,352
-1
-1
-1
-1
-1
-1
-1
-1
-1
-1
-1
-1
-1
-1
-1
-1
-1
-1
-1
0,640,352
0,0,384
-1
-1
-1
-1
-1
-1
-1
-1
-1
-1
-1
-1
-1
-1
-1
-1
-1
-1
-1
0,640,384
0,0,416
-1
-1
1,96,416
-1
-1
1,192,416
-1
-1
-1
-1
-1
-1
-1
-1
-1
-1
-1
-1
-1
0,640,416
0,0,448
-1
-1
-1
-1
-1
-1
-1
-1
-1
1,320,448
-1
-1
-1
1,448,448
-1
-1
-1
-1
-1
0,640,448
0,0,480
0,32,480
0,64,480
0,96,480
0,128,480
0,160,480
0,192,480
0,224,480
0,256,480
0,288,480
0,320,480
0,352,480
0,384,480
0,416,480
0,448,480
0,480,480
0,512,480
0,544,480
0,576,480
0,608,480
0,640,480
