20,15
tiledBackground
0,0,0
0,32,0
0,64,0
0,96,0
0,128,0
0,160,0
0,192,0
0,224,0
0,256,0
0,288,0
0,320,0
0,352,0
0,384,0
0,416,0
0,448,0
0,480,0
0,512,0
0,544,0
0,576,0
0,608,0
0,0,32
-1
-1
-1
-1
-1
-1
-1
-1
-1
-1
-1
-1
-1
-1
1,480,32
-1
-1
-1
0,608,32
0,0,64
-1
-1
-1
-1
-1
-1
-1
-1
1,288,64
-1
-1
-1
-1
1,448,64
-1
-1
-1
-1
0,608,64
0,0,96
-1
-1
-1
-1
-1
-1
1,224,96
-1
-1
-1
-1
-1
-1
-1
-1
-1
-1
1,576,96
0,608,96
0,0,128
-1
-1
1,96,128
-1
-1
-1
-1
-1
-1
-1
-1
-1
-1
-1
-1
-1
-1
1,576,128
0,608,128
0,0,160
-1
-1
-1
-1
-1
-1
-1
-1
-1
-1
-1
-1
-1
-1
-1
-1
1,544,160
-1
0,608,160
0,0,192
-1
-1
-1
-1
-1
-1
-1
-1
-1
-1
-1
-1
1,416,192
-1
1,480,192
-1
1,544,192
-1
0,608,192
0,0,224
-1
1,64,224
-1
-1
-1
-1
-1
-1
-1
-1
-1
-1
-1
-1
1,480,224
-1
-1
-1
0,608,224
0,0,256
-1
-1
-1
-1
-1
-1
-1
-1
-1
-1
-1
-1
-1
-1
-1
-1
-1
-1
0,608,256
0,0,288
-1
-1
-1
-1
-1
-1
-1
1,256,288
1,288,288
1,320,288
-1
-1
-1
-1
-1
-1
-1
-1
0,608,288
0,0,320
-1
-1
-1
-1
-1
1,192,320
-1
-1
1,288,320
1,320,320
-1
-1
-1
-1
-1
-1
-1
-1
0,608,320
0,0,352
-1
-1
-1
-1
-1
-1
-1
1,256,352
-1
-1
-1
-1
-1
1,448,352
-1
-1
-1
-1
0,608,352
0,0,384
-1
-1
-1
-1
-1
-1
-1
-1
-1
-1
-1
1,384,384
-1
1,448,384
-1
-1
-1
-1
0,608,384
0,0,416
-1
-1
-1
-1
-1
-1
-1
-1
-1
-1
-1
-1
1,416,416
-1
-1
-1
-1
-1
0,608,416
0,0,448
0,32,448
0,64,448
0,96,448
0,128,448
0,160,448
0,192,448
0,224,448
0,256,448
0,288,448
0,320,448
0,352,448
0,384,448
0,416,448
0,448,448
0,480,448
0,512,448
0,544,448
0,576,448
0,608,448
